0 0.022854 0.453685 0.043375 0.160423
0 0.910417 0.632277 0.179167 0.081455
0 0.885312 0.731878 0.197958 0.112770
0 0.841938 0.909202 0.177958 0.161690
0 0.546125 0.811455 0.131250 0.184225
0 0.776333 0.633521 0.146833 0.181690
0 0.884771 0.195540 0.203542 0.125352
0 0.793000 0.391667 0.080083 0.251878
0 0.710167 0.485634 0.081167 0.224319
0 0.604500 0.375376 0.156833 0.226808
0 0.515521 0.454930 0.078958 0.213052
0 0.434896 0.283263 0.073375 0.197981
0 0.568917 0.147911 0.094500 0.182958
0 0.449917 0.162347 0.147917 0.176714
0 0.281979 0.719977 0.172375 0.106526
0 0.062854 0.720610 0.125708 0.122817
0 0.166875 0.397934 0.171250 0.119061
